Fitting method: Nonlinear Least Squares
Solver: Symbolic
[[Variables]]
    R1a:  1.10123717 (init = 5)
    R2a:  400.000000 (init = 250)
    dwa: -1.19068453 (init = 0)
    R1b:  0.10000021 (init = 5.05)
    R2b:  25070.5351 (init = 30000)
    kb:   48.1394782 (init = 550)
    fb:   0.01124155 (init = 0.0255)
    dwb: -201.724582 (init = -250)