[[Variables]]
    R1a:  8 (fixed)
    R2a:  285.406916 +/- 1.74472340 (0.61%) (init = 2)
    dwa: -2.78344491 +/- 0.08791513 (3.16%) (init = 0)
    R1b:  1 (fixed)
    R2b:  44629.8113 +/- 1243.26944 (2.79%) (init = 50)
    kb:   256.633237 +/- 7.97041050 (3.11%) (init = 1000)
    fb:   0.01427289 +/- 3.2894e-04 (2.30%) (init = 0.0001)
    dwb: -253.701091 +/- 0.92288274 (0.36%) (init = -300)