Fitting method: Nonlinear Least Squares
Solver: Symbolic
[[Variables]]
    R1a:  0.33 (fixed)
    R2a:  0.5 (fixed)
    dwa:  0 (fixed)
    R1b:  9.99999818 +/- 28.8656709 (288.66%) (init = 2)
    R2b:  57.1188643 +/- 23.1489748 (40.53%) (init = 10)
    kb:   217.423104 +/- 45.8556691 (21.09%) (init = 100)
    fb:   4.5219e-04 +/- 8.7921e-05 (19.44%) (init = 0.001)
    dwb:  3.5 (fixed)